% Kinect Depth camera parameters
fx_d =  5.7616540758591043e+02;
fy_d = 5.7375619782082447e+02;
cx_d = 3.2442516903961865e+02;
cy_d = 2.3584766381177013e+02;

% Extrinsic parameters between RGB and Depth camera for Kinect V1
% Rotation matrix
R =  inv([  9.9998579449446667e-01, 3.4203777687649762e-03, -4.0880099301915437e-03;
    -3.4291385577729263e-03, 9.9999183503355726e-01, -2.1379604698021303e-03;
    4.0806639192662465e-03, 2.1519484514690057e-03,  9.9998935859330040e-01]);

% Translation vector.
T = -[  2.2142187053089738e-02, -1.4391632009665779e-04, -7.9356552371601212e-03 ]';